! 1.15 qf1, 40.6/3.0nm, 12.7 lumi
k1_qmd11           =    0.0005506724647 ;
k1_qmd12           =    -0.001586408559 ;
k1_qmd13           =      0.03201509765 ;
k1_qmd14           =     -0.02765854672 ;
k1_qf8             =      0.04502654298 ;
k1_qd7             =     -0.01675615146 ;
k1_qd6c            =    -0.002658210959 ;
k1_qd6b            =     -0.02955817892 ;
k1_qf5b            =     0.009475334986 ;
k1_qf5a            =     0.008504399313 ;
k1_qd4b            =    -0.005593063367 ;
k1_qd4a            =     -0.00565710598 ;
k1_qf3b            =      0.00136260955 ;
k1_qf3a            =     0.005660737257 ;
k1_qd2             =     -0.00671564461 ;
k1_qf1             =       0.0138608094 ;
k1_qd0             =      -0.0395995352 ;
k2_sf6             =        7.193394844 ;
k2_sf5             =       -4.599129115 ;
k2_sd4             =        11.34384563 ;
k2_sd5             =        8.190276705 ;
k2_sf1             =       -6.837286033 ;
k2_sd0             =        24.75406485 ;
k3_oct1            =       -21.33462915 ;
k3_newoct1         =       -2347.811409 ;
k3_octf1           =       -436.2539802 ;
k3_skd0            =        743.3830729 ;
k3_newoct2         =       -892.4216859 ;
k3_octd1           =        4080.067405 ;
k4_newdec1         =        104807024.4 ;
k4_newdec2         =        55349467.73 ;


